pop	pred	intercept	phenology	n_fl	n_shoots	h_shoot	phen_measure	year
Ale001	1	1	-0,197374742	0,658826998	0,089266962	-0,062258389	phen_index	2010
Ale010	0	1	0,175009046	0,091806229	-0,132341914	0,361191204	phen_index	2010
Bor012	0	1	0,187053612	0,078392021	0,020993156	0,247595877	phen_index	2010
Göt009a	1	1	-0,373174715	0,796177338	-0,307611772	0,134324813	phen_index	2010
Göt009b	1	1	0,070910045	0,888639666	0,009961907	-0,066240314	phen_index	2010
Göt016	1	1,01	0,05839537	0,368585965	-0,185544101	0,211695422	phen_index	2010
Her003	1	1	-0,065499697	0,597560298	-0,109953039	0,124718807	phen_index	2010
Her004	1	1	-0,062110603	0,471549904	-0,077957535	-0,065170777	phen_index	2010
Her005	1	1	-0,385649148	0,347797282	-0,001193769	-0,008746072	phen_index	2010
Ler010	1	1	-0,175395939	0,357422393	-0,265526362	0,148192078	phen_index	2010
Mar001	0	1	0,340026641	0,982215279	0,170130717	0,260234057	phen_index	2010
Par003	1	1	-0,366540155	-0,205155685	-0,159801727	0,223102497	phen_index	2010
Sve001	0	1	0,057792015	0,60390533	0,084756	-0,002336033	phen_index	2010
Sve005	0	1	0,111686018	0,476423855	0,257159102	-0,260910124	phen_index	2010
Sve011	0	1	0,094808464	0,593864676	-0,043700897	0,050610985	phen_index	2010
Sve013	0	1	0,517098502	0,586499155	-0,255712554	0,102676697	phen_index	2010
Tra001	0	1	0,17437741	1,011273289	-0,005777459	0,09961106	phen_index	2010
Tra002	0	1	0,097247174	0,845083146	0,000998032	-0,155836695	phen_index	2010
Vår004	1	1	0,139840721	0,204888871	0,004569656	0,365997311	phen_index	2010
Vår009	1	0,797741873	0,075936557	0,631569153	0,007352552	0,022736263	phen_index	2010
Ale001	1	1	-0,1570574	0,77004075	-0,0386449	-0,3607393	phen_index	2011
Ale010	0	1	0,37822539	0,37708646	-0,0298102	0,14650413	phen_index	2011
Bor012	0	1	0,25530507	0,3107508	-0,1536557	0,16532776	phen_index	2011
Göt009a	1	1	0,17877876	0,37520834	0,08545678	0,01479004	phen_index	2011
Göt009b	1	1	0,02344808	0,32098086	-0,0931818	0,26635424	phen_index	2011
Göt016	1	1	-0,1551456	0,4048644	0,3782232	-0,0706235	phen_index	2011
Her003	1	1	-0,1444406	0,96361324	0,00192616	-0,1464954	phen_index	2011
Her004	1	1	-0,0969046	0,39172415	-0,2200253	-0,0506843	phen_index	2011
Her005	1	1	0,08863971	0,35447022	-0,0187342	-0,4969631	phen_index	2011
Ler010	1	0,82213365	0,02294741	0,60003136	-1,8364193	-0,106538	phen_index	2011
Par003	1	1	-0,4173718	-0,1767622	0,09311303	-0,4329683	phen_index	2011
Sve013	0	1,00516884	0,3218314	0,17856796	0,06714522	-0,1997784	phen_index	2011
Tra001	0	1,00908019	0,19701391	0,14688836	0,11665213	0,77212574	phen_index	2011
Tra002	0	1	0,2106595	0,53430535	0,08314008	0,18660196	phen_index	2011
Vår004	1	1	0,17040347	0,12570017	-0,0737487	0,15667126	phen_index	2011
Vår009	1	1	0,23938215	1,22173667	0,01695174	-0,4250901	phen_index	2011
Ale001	1	1	-0,18635357	0,73632333	0,10653705	-0,08124247	most_adv	2010
Ale010	0	1	0,12308363	0,06920331	-0,1177125	0,37591981	most_adv	2010
Bor012	0	1	0,19791789	-0,00142759	0,02091624	0,24976101	most_adv	2010
Göt009a	1	1	-0,58786844	0,97623531	-0,28250269	0,18731953	most_adv	2010
Göt009b	1	1	0,05523611	0,86900556	0,01000946	-0,06502139	most_adv	2010
Göt016	1	1,01	0,05535558	0,34650221	-0,18732869	0,21077675	most_adv	2010
Her003	1	1	-0,21756703	0,70501506	-0,11660329	0,14018367	most_adv	2010
Her004	1	1	-0,22902059	0,56006392	-0,06862181	-0,0321251	most_adv	2010
Her005	1	1	-0,35441778	0,43617104	-0,00103213	-0,01104604	most_adv	2010
Ler010	1	1	-0,15906852	0,43617493	-0,27457583	0,14467654	most_adv	2010
Mar001	0	1	0,46347788	0,81177949	0,13625976	0,25587181	most_adv	2010
Par003	1	1	-0,43096452	-0,07056385	-0,15767575	0,24403138	most_adv	2010
Sve001	0	1	0,0229949	0,59776088	0,09308588	0,01780565	most_adv	2010
Sve005	0	1	0,15449141	0,43478737	0,24662891	-0,28819796	most_adv	2010
Sve011	0	1	0,08646132	0,56425349	-0,03662508	0,05688557	most_adv	2010
Sve013	0	1	0,60244344	0,33607121	-0,27390766	0,07111731	most_adv	2010
Tra001	0	1	0,15497715	0,9518922	-0,00303785	0,10411804	most_adv	2010
Tra002	0	1	0,03653169	0,82492231	0,00870416	-0,1500305	most_adv	2010
Vår004	1	1	0,13060228	0,16321716	0,00279177	0,3600034	most_adv	2010
Vår009	1	0,79810946	0,03363345	0,62343662	0,01375434	0,0285408	most_adv	2010
Ale001	1	1	-0,1300459	0,77775174	-0,0351113	-0,3501276	most_adv	2011
Ale010	0	1	0,36392961	0,25755676	-0,0698379	0,14573807	most_adv	2011
Bor012	0	1	0,26580751	0,24021825	-0,1557578	0,16512168	most_adv	2011
Göt009a	1	1	0,03728649	0,39394131	0,08751181	0,01476886	most_adv	2011
Göt009b	1	1	-0,0008945	0,31514696	-0,0930763	0,27720914	most_adv	2011
Göt016	1	1	-0,1224588	0,45025153	0,37104901	-0,0632585	most_adv	2011
Her003	1	1	-0,2723861	1,07416462	0,0183118	-0,1615218	most_adv	2011
Her004	1	1	-0,2258175	0,49637983	-0,1962204	-0,0248753	most_adv	2011
Her005	1	1	0,21835179	0,22898116	-0,0284563	-0,4728542	most_adv	2011
Ler010	1	0,84374723	-0,1213604	0,66423922	-1,6371793	-0,124044	most_adv	2011
Par003	1	1	-0,5059509	-0,0087985	0,10304488	-0,4033741	most_adv	2011
Sve013	0	1	0,43153912	-0,0234213	0,05002351	-0,2427264	most_adv	2011
Tra001	0	1,01050835	0,30783398	0,04716745	0,10305686	0,72543526	most_adv	2011
Tra002	0	1	0,11988057	0,49322393	0,08577602	0,17944557	most_adv	2011
Vår004	1	1	0,08844831	0,13508499	-0,08503	0,13532432	most_adv	2011
Vår009	1	1	-0,0769215	1,36630211	0,034535	-0,3725388	most_adv	2011
